104 8 173 173
112 8 173 173
0 18 123 123
0 24 123 123
0 192 123 123
0 198 123 123
0 204 123 123
0 210 123 123
6 18 123 123
6 24 123 123
6 192 123 123
6 198 123 123
6 204 123 123
6 210 123 123
12 198 123 123
12 204 123 123
126 18 123 123
126 24 123 123
126 30 123 123
126 36 123 123
126 198 123 123
126 204 123 123
126 210 123 123
132 18 123 123
132 24 123 123
132 30 123 123
132 36 123 123
132 198 123 123
132 204 123 123
132 210 123 123
138 24 123 123
138 30 123 123
138 36 123 123
138 198 123 123
138 204 123 123
138 210 123 123
144 24 123 123
144 30 123 123
144 36 123 123
144 198 123 123
144 204 123 123
144 210 123 123
258 24 123 123
258 30 123 123
258 36 123 123
258 192 123 123
258 198 123 123
258 204 123 123
264 24 123 123
264 30 123 123
264 36 123 123
264 42 123 123
264 192 123 123
264 198 123 123
264 204 123 123
264 210 123 123
270 24 123 123
270 30 123 123
270 36 123 123
270 42 123 123
270 192 123 123
270 198 123 123
270 204 123 123
270 210 123 123
280 48 88 88
280 52 88 88
284 52 88 88
